C:\Users\Sersajur\Desktop\Диплом\1Дипломна робота\Навчальна вибірка\jaffe\
#   SUR  HAP  SAD  DIS  ANG  PIC
--------------------------------------------------------
1   1.53 2.67 2.80 2.00 1.80 KM.NE1.tiff
2   1.53 3.00 2.67 1.87 2.00 KM.NE2.tiff
3   1.67 2.67 2.73 2.40 2.20 KM.NE3.tiff
4   1.27 4.67 1.13 1.13 1.13 KM.HA1.tiff
5   1.13 4.53 1.20 1.00 1.00 KM.HA2.tiff
6   1.13 4.07 1.07 1.13 1.00 KM.HA3.tiff
7   1.13 4.87 1.00 1.00 1.00 KM.HA4.tiff
8   1.20 4.33 1.33 1.13 1.13 KM.HA5.tiff
9   1.60 1.47 3.67 2.80 2.27 KM.SA1.tiff
10  1.73 1.07 3.67 3.33 2.67 KM.SA2.tiff
11  1.73 1.33 4.20 3.33 2.60 KM.SA3.tiff
12  1.20 1.33 4.33 2.87 2.07 KM.SA4.tiff
13  1.53 1.53 3.67 4.07 2.40 KM.SA5.tiff
14  4.80 1.93 1.60 1.47 1.47 KM.SU1.tiff
15  4.93 3.13 1.47 1.40 1.47 KM.SU2.tiff
16  4.80 2.87 1.73 1.47 1.40 KM.SU3.tiff
17  1.53 1.67 2.20 3.60 4.27 KM.AN1.tiff
18  1.33 1.47 2.60 4.00 4.13 KM.AN2.tiff
19  1.40 1.27 2.60 3.87 4.40 KM.AN3.tiff
20  1.53 1.47 1.73 4.73 4.13 KM.DI1.tiff
21  1.47 1.13 2.00 4.73 2.93 KM.DI2.tiff
22  2.07 1.47 1.87 4.67 3.73 KM.DI3.tiff
23  1.93 2.93 2.33 2.00 2.13 KA.NE1.tiff
24  1.73 2.53 1.80 1.60 1.60 KA.NE2.tiff
25  1.86 2.36 1.79 1.50 1.64 KA.NE3.tiff
26  2.53 4.60 1.53 1.33 1.20 KA.HA1.tiff
27  2.07 4.40 1.53 1.33 1.33 KA.HA2.tiff
28  2.27 4.33 2.00 1.53 1.40 KA.HA3.tiff
29  1.40 3.53 2.20 1.20 1.20 KA.HA4.tiff
30  2.00 1.27 3.80 2.93 1.73 KA.SA1.tiff
31  1.80 1.27 4.20 2.33 2.07 KA.SA2.tiff
32  1.73 1.33 3.60 3.00 2.07 KA.SA3.tiff
33  4.60 2.67 1.60 1.27 1.33 KA.SU1.tiff
34  4.53 2.80 1.67 1.67 1.67 KA.SU2.tiff
35  4.67 3.40 1.73 1.40 1.36 KA.SU3.tiff
36  1.27 2.07 1.93 3.60 4.20 KA.AN1.tiff
37  1.67 1.93 2.13 4.13 4.47 KA.AN2.tiff
38  1.47 1.13 2.20 4.67 3.73 KA.AN3.tiff
39  2.60 1.73 2.87 4.20 2.93 KA.DI1.tiff
40  1.93 1.67 2.07 4.27 2.80 KA.DI2.tiff
41  1.53 1.13 2.07 4.53 2.47 KA.DI3.tiff
42  1.60 3.07 2.93 2.20 2.13 YM.NE1.tiff
43  1.60 3.13 2.87 1.80 1.93 YM.NE2.tiff
44  1.67 3.00 2.87 2.13 2.13 YM.NE3.tiff
45  1.27 4.60 1.73 1.33 1.27 YM.HA1.tiff
46  1.27 4.80 1.27 1.13 1.13 YN.HA2.tiff
47  1.13 4.87 1.27 1.07 1.13 YM.HA3.tiff
48  1.13 2.07 4.40 1.33 1.13 YM.SA1.tiff
49  1.27 2.20 4.13 1.67 1.20 YM.SA2.tiff
50  1.47 1.47 3.53 2.53 1.79 YM.SA3.tiff
51  4.73 2.20 1.60 1.47 1.60 YM.SU1.tiff
52  4.33 2.87 1.53 1.47 1.80 YM.SU2.tiff
53  4.93 3.00 1.67 1.47 1.60 YM.SU3.tiff
54  1.67 1.47 1.60 4.07 4.40 YM.AN1.tiff
55  1.33 1.53 1.80 2.93 3.80 YM.AN2.tiff
56  1.33 2.00 1.87 3.47 4.47 YM.AN3.tiff
57  2.20 1.67 2.87 4.53 2.53 YM.DI1.tiff
58  2.40 1.60 2.13 4.73 3.13 YM.DI2.tiff
59  2.33 1.53 2.93 4.47 3.00 YM.DI3.tiff
60  1.73 2.20 2.00 2.20 2.40 KR.NE1.tiff
61  1.73 2.07 2.13 2.13 2.60 KR.NE2.tiff
62  1.67 1.87 1.87 1.87 2.87 KR.NE3.tiff
63  1.13 4.00 1.53 1.07 1.07 KR.HA1.tiff
64  1.47 3.93 1.33 1.20 1.20 KR.HA2.tiff
65  1.40 4.40 1.67 1.40 1.40 KR.HA3.tiff
66  1.53 1.40 3.80 2.87 1.93 KR.SA1.tiff
67  1.73 1.40 3.67 3.00 2.33 KR.SA2.tiff
68  1.93 1.47 3.53 3.20 2.40 KR.SA3.tiff
69  4.27 1.80 2.00 1.73 1.87 KR.SU1.tiff
70  4.60 2.53 2.07 2.00 1.93 KR.SU2.tiff
71  4.47 1.53 1.67 1.60 1.71 KR.SU3.tiff
72  1.40 1.27 2.13 3.07 4.13 KR.AN1.tiff
73  1.47 1.93 2.27 3.67 4.53 KR.AN2.tiff
74  1.73 1.93 2.00 3.47 4.47 KR.AN3.tiff
75  2.27 1.40 2.20 4.47 3.07 KR.DI1.tiff
76  2.40 1.60 2.07 4.07 3.80 KR.DI2.tiff
77  1.60 1.67 2.87 3.87 4.13 KR.DI3.tiff
78  1.33 3.40 2.27 1.73 1.73 NM.NE1.tiff
79  1.40 3.40 2.07 1.67 1.67 NM.NE2.tiff
80  1.40 3.27 2.33 1.87 2.20 NM.NE3.tiff
81  1.13 4.53 1.60 1.20 1.13 NM.HA1.tiff
82  1.53 4.33 1.60 1.27 1.33 NM.HA2.tiff
83  1.93 4.27 1.60 1.40 1.40 NM.HA3.tiff
84  1.47 2.53 3.87 1.60 1.60 NM.SA1.tiff
85  2.00 1.93 2.60 1.87 1.60 NM.SA2.tiff
86  1.53 1.80 3.33 2.13 1.27 NM.SA3.tiff
87  4.67 2.27 1.47 1.33 1.27 NM.SU1.tiff
88  4.60 2.60 1.60 1.33 1.47 NM.SU2.tiff
89  4.60 3.27 1.80 1.47 1.53 NM.SU3.tiff
90  1.67 2.53 2.47 2.00 1.93 NM.AN1.tiff
91  1.80 2.07 2.27 2.27 2.33 NM.AN2.tiff
92  1.53 1.80 3.53 3.87 3.60 NM.AN3.tiff
93  1.47 2.73 2.73 3.00 2.20 NM.DI1.tiff
94  1.60 1.80 2.07 2.47 1.93 NM.DI2.tiff
95  1.67 2.20 1.73 3.07 2.33 NM.DI3.tiff
96  1.67 2.47 2.47 1.67 1.60 MK.NE1.tiff
97  1.60 3.80 2.20 1.53 1.73 MK.NE2.tiff
98  1.27 3.47 2.13 1.33 1.33 MK.NE3.tiff
99  1.73 4.20 1.40 1.13 1.13 MK.HA1.tiff
100 1.27 3.87 1.93 1.27 1.47 MK.HA2.tiff
101 1.27 4.47 1.53 1.20 1.20 MK.HA3.tiff
102 1.53 2.00 4.00 2.20 1.60 MK.SA1.tiff
103 1.47 2.13 4.27 2.13 1.73 MK.SA2.tiff
104 1.33 1.40 4.67 1.93 1.53 MK.SA3.tiff
105 4.87 3.00 1.93 1.33 1.20 MK.SU1.tiff
106 4.93 2.07 1.60 1.67 1.67 MK.SU2.tiff
107 4.80 2.27 2.67 1.73 1.73 MK.SU3.tiff
108 1.50 1.14 2.00 4.21 3.79 MK.AN1.tiff
109 1.80 1.93 3.13 4.20 3.67 MK.AN2.tiff
110 2.33 1.53 2.87 4.13 4.27 MK.AN3.tiff
111 1.53 1.07 2.33 4.73 3.67 MK.DI1.tiff
112 2.20 1.07 3.00 3.67 1.93 MK.DI2.tiff
113 1.80 1.80 2.73 4.47 2.20 MK.DI3.tiff
114 1.67 2.07 2.73 1.73 1.87 UY.NE1.tiff
115 1.73 1.93 2.47 2.07 2.27 UY.NE2.tiff
116 1.53 2.27 3.27 2.20 2.27 UY.NE3.tiff
117 1.40 3.73 2.60 1.60 1.53 UY.HA1.tiff
118 1.33 4.00 2.13 1.53 1.67 UY.HA2.tiff
119 1.33 3.87 1.93 1.53 1.40 UY.HA3.tiff
120 1.67 1.50 3.13 3.47 2.87 UY.SA1.tiff
121 1.40 1.47 4.00 3.20 2.60 UY.SA2.tiff
122 1.33 1.73 4.00 2.73 2.60 UY.SA3.tiff
123 4.07 2.20 2.53 1.53 1.53 UY.SU1.tiff
124 3.87 1.67 2.73 1.47 1.40 UY.SU2.tiff
125 4.60 2.07 3.33 1.93 2.00 UY.SU3.tiff
126 1.60 1.47 3.47 3.47 3.73 UY.AN1.tiff
127 1.33 1.20 2.60 3.53 3.47 UY.AN2.tiff
128 1.29 1.36 2.57 3.50 2.93 UY.AN3.tiff
129 1.93 1.67 3.07 3.73 2.67 UY.DI1.tiff
130 1.53 1.47 3.00 4.27 2.60 UY.DI2.tiff
131 1.47 1.40 3.33 4.53 3.40 UY.DI3.tiff
132 3.20 1.80 2.33 1.80 1.60 KL.NE1.tiff
133 2.33 2.00 2.47 1.93 2.13 KL.NE2.tiff
134 3.67 2.00 1.93 1.80 1.80 KL.NE3.tiff
135 1.53 3.93 1.80 1.33 1.53 KL.HA1.tiff
136 1.53 4.27 2.07 1.73 1.73 KL.HA2.tiff
137 1.80 4.00 1.80 1.33 1.53 KL.HA3.tiff
138 1.33 1.00 4.40 3.20 2.53 KL.SA1.tiff
139 1.40 1.20 4.07 3.40 2.27 KL.SA2.tiff
140 1.80 1.40 4.33 3.27 3.00 KL.SA3.tiff
141 4.67 1.73 3.00 2.20 2.27 KL.SU1.tiff
142 4.40 1.73 2.07 1.60 2.07 KL.SU2.tiff
143 4.60 1.67 2.13 1.93 2.00 KL.SU3.tiff
144 1.47 1.80 3.80 3.47 3.73 KL.AN1.tiff
145 1.60 1.73 3.80 3.73 3.80 KL.AN2.tiff
146 1.33 1.53 3.73 3.67 3.80 KL.AN3.tiff
147 1.73 1.13 3.27 4.40 3.60 KL.DI1.tiff
148 1.80 1.27 3.80 4.73 3.67 KL.DI2.tiff
149 1.73 1.27 3.60 4.20 2.93 KL.DI3.tiff
150 1.73 1.20 3.20 4.13 3.33 KL.DI4.tiff
151 1.60 2.73 2.93 1.47 1.60 TM.NE1.tiff
152 1.53 2.40 1.80 1.60 1.53 TM.NE2.tiff
153 1.80 2.80 2.33 1.60 1.67 TM.NE3.tiff
154 1.20 3.87 1.87 1.13 1.20 TM.HA1.tiff
155 1.20 3.87 2.13 1.27 1.27 TM.HA2.tiff
156 1.27 4.53 2.13 1.47 1.40 TM.HA3.tiff
157 1.13 4.60 1.67 1.27 1.40 TM.HA4.tiff
158 1.40 1.93 3.47 2.33 1.40 TM.SA1.tiff
159 1.33 1.27 3.93 2.33 1.67 TM.SA2.tiff
160 1.53 1.40 3.87 2.40 1.80 TM.SA3.tiff
161 4.73 1.93 2.93 3.07 2.00 TM.SU1.tiff
162 4.27 1.93 2.73 1.60 1.87 TM.SU2.tiff
163 4.60 1.93 3.20 2.27 2.00 TM.SU3.tiff
164 1.80 1.60 3.13 3.80 4.07 TM.AN1.tiff
165 1.40 1.33 2.73 3.40 3.27 TM.AN2.tiff
166 1.47 1.20 2.67 3.93 3.87 TM.AN3.tiff
167 2.80 1.67 1.73 4.87 3.40 TM.DI1.tiff
168 2.40 2.13 2.27 4.60 3.33 TM.DI2.tiff
169 1.87 1.20 2.60 4.33 2.87 TM.DI3.tiff
170 1.80 2.40 1.87 1.87 2.27 NA.NE1.tiff
171 1.53 3.00 2.93 1.93 2.53 NA.NE2.tiff
172 1.40 3.47 2.13 1.67 1.67 NA.NE3.tiff
173 1.20 4.47 1.20 1.07 1.13 NA.HA1.tiff
174 1.13 4.60 1.07 1.13 1.13 NA.HA2.tiff
175 1.40 4.73 1.87 1.47 1.60 NA.HA3.tiff
176 1.40 2.00 4.07 2.47 2.47 NA.SA1.tiff
177 1.20 1.27 3.07 3.73 3.27 NA.SA2.tiff
178 1.60 1.47 2.93 2.87 2.80 NA.SA3.tiff
179 3.00 4.20 1.87 1.27 1.47 NA.SU1.tiff
180 4.27 2.60 1.60 1.47 1.53 NA.SU2.tiff
181 4.33 2.20 1.53 1.33 1.29 NA.SU3.tiff
182 1.64 1.20 2.07 4.00 4.13 NA.AN1.tiff
183 1.60 2.07 2.67 3.47 4.20 NA.AN2.tiff
184 1.53 1.73 2.27 3.60 4.33 NA.AN3.tiff
185 1.73 1.20 2.40 4.40 3.60 NA.DI1.tiff
186 1.40 1.60 3.80 3.67 2.60 NA.DI2.tiff
187 1.40 1.60 3.27 3.87 4.33 NA.DI3.tiff